able	321500	1373000	30000000
above-average	9300	63500	411000
abrasive	2000	10300	439000
absent	22200	34700	2162000
absolute	61200	117800	4672000
abstract	36300	76250	7319000
absurd	9500	12500	574000
acceptable	53300	186800	5709000
accidental	8700	16400	1245000
accurate	49800	279700	9060000
acidic	6300	9150	332000
acoustic	9900	60400	1816885
acrostic	75	500	21000
action	372000	892400	27827000
active	78200	375900	16794986
actual	88800	233700	11346000
acute	24500	36500	2312457
adaptable	1600	16100	4905999
additional	110400	403500	39437592
addressable	242	865	99000
adequate	48300	161500	4135000
adjacent	13400	59600	2958000
adjustable	40100	70500	3082000
adoptive	1500	5200	250000
adorable	4700	19400	677000
adventurous	2200	15000	523000
aerobic	9200	20640	557000
aerodynamic	1100	5200	185000
affluent	14500	6970	374000
affordable	27700	213000	6352000
aflame	255	410	43000
afraid	107400	138600	4128000
aggressive	32900	74500	2216000
air-conditioned	1200	20700	951000
airy	1000	10700	355000
alcoholic	8800	16600	899000
alive	48900	158500	5813000
all-around	20700	127000	1940000
all-clear	800	2320	155000
all-out	8200	19500	823000
all-purpose	804	14600	447000
all-star	4300	13600	983000
all-weather	1000	8300	256000
all-you-can-eat	500	3300	110000
alternate	16200	45230	3573000
altruistic	1500	4700	70000
amazing	62700	218000	7476000
ample	6900	48800	1308000
anal	243600	260950	8899000
ancient	32600	99420	5755000
anemic	1700	1950	75000
angry	69000	68600	2588000
angular	3800	11300	509000
annoying	34500	191400	1583000
annual	68400	213100	18661000
anti-glare	82	1100	72000
anxious	16100	32100	1236000
apologetic	1900	3260	236000
apparent	38300	70700	3719000
appealing	10200	40000	1296000
applicable	22500	74500	7553000
appreciative	1700	15600	327000
appropriate	131400	422900	19537000
archetypal	1000	2400	106000
architectural	5100	34400	20000
arrogant	12400	15800	491000
artificial	15600	700	2831000
artistic	13900	53400	2580000
asian	190600	253600	14409000
as-is	22600	102800	3988000
assertive	2300	11400	206637
assy	600	2100	163000
astute	1500	7800	208000
atrocious	3600	3200	97000
attentive	4300	30000	621000
attractive	27700	232400	4387000
audio	78200	283600	20066000
automatic	29000	151300	7613000
automotive	26900	47470	8281000
auxiliary	5300	15950	1309000
available	262000	1739100	91279000
average	383100	903400	17924000
averaged-sized	1	15	31000
average-sized	123	875	207000
avid	3500	19700	706000
awake	19300	56000	1272000
award-winning	3800	37200	3498000
aware	88700	196500	8948000
awesome	37500	193200	3894000
awful	62500	66500	1376000
awkward	13600	21800	784000
bad	22923300	3234970	19119000
bake	3000	18200	1029000
baked-on	100	1220	39000
balanced	26200	151700	3109000
balky	100	210	9800
bang-up	200	1000	25000
bare	43400	62800	4230000
basic	149200	526800	23015000
bass-heavy	100	460	10000
b-boy	400	620	31000
beat-heavy	15	60	2300
beautiful	121800	821400	18782000
beefy	4400	4300	128000
beige	2100	13300	846000
believable	3600	14700	269000
beloved	17700	36400	1606000
benevolent	3700	11960	270000
best-handling	50	250	6900
bestselling	900	2400	276000
better-feeling	124	590	15500
biblical	19300	55600	1495000
big	830500	1461700	32102500
big-breasted	4900	7600	275000
big-hearted	132	620	15440
big-multi	27	170	3400
big-screen	2700	10400	407000
big-time	7100	13600	466000
bi-level	130	1400	32000
bite-sized	109	1050	49000
bizarre	36400	44400	3087000
black	664300	1006600	30415000
black-market	1900	2900	142600
bland	7500	16500	1073000
blatant	5700	6100	335000
bleary-eyed	220	450	30000
blind	112300	101000	4449000
blonde	145100	209500	6753000
blue	176000	543300	21072000
blunt	5800	11200	543000
bold	26000	58500	3292000
book-lined	5	35	2960
bored	22800	71000	1713000
boring	36700	83700	1907000
bothersome	1000	1900	121000
bottled	3400	14800	619000
bouffant	100	180	17000
bouncy	1700	7800	177000
boxy	400	1800	44800
braided	1200	7400	328970
brainless	1300	1900	32700
brand-new	17500	80500	3386000
brand-spankin'-new	100	300	12700
brassy	300	1200	35000
breathtaking	2000	15700	831750
breath-taking	600	3000	221970
brief	38000	169800	9233000
bright	48700	221900	6102300
broad	33600	136500	7202600
bronze	6700	45800	2609000
brown	95100	333200	14316000
brutal	16800	18700	1431000
bubbly	1200	6100	154000
budget-conscious	100	1300	30000
budget-minded	50	1400	31000
built-in	17100	95800	5989000
built-to-last	400	3200	94000
bulky	3400	9700	386184
bumpy	3100	5900	189000
businesslike	300	2000	42900
bus-like	50	120	5400
busy	49100	179300	6482900
calm	25300	106300	2519000
capable	34700	150800	6548800
capitalist	9200	11000	462000
careful	64500	188600	5364800
casual	16300	87300	3214000
cat-called	100	170	6970
catchy	4500	25200	300000
cautious	9000	20600	845000
cavernous	700	1800	78800
center	152300	679500	53822000
central	110600	349900	25825000
centrifugal	900	7900	259000
ceramic	4200	41000	1888000
ceremonial	1200	5200	451600
certain	201600	443600	20619000
challenging	21900	105400	3320000
characteristic	21000	53300	2180800
charismatic	2900	9800	361000
charming	11000	73700	1816000
cheap	119600	501200	13866000
cheap-o	50	270	4000
cheeky	1800	5000	150000
chief	55900	170600	9907000
childish	6100	6700	247600
child-like	800	1500	71000
chilled-out	130	1270	17000
choppy	2800	5600	118000
chunky	2900	9900	312000
cinematic	2700	7100	283000
circular	8000	27800	2139000
civil	66400	154600	9998700
civilized	4800	10500	400500
classic	76200	274800	12431000
classy	5000	22600	503000
clean	161200	775800	12321000
clear	217600	694400	21625000
clever	18000	62600	1069000
climatic	4200	7800	458000
cloudless	240	1110	50000
club-ready	10	40	2000
clumsy	6800	8100	258000
coarse	6300	17240	686700
cocky	2900	6300	109000
coherent	4700	19900	938000
cold	162200	319700	10658000
colored	18400	70400	3182000
colorful	5400	47100	1633700
color-matched	50	470	24700
coloured	5600	25200	989000
comedic	1700	5800	144000
comfortable	34100	379200	7298000
comic	39000	80700	3778000
comical	2700	4900	188800
commendable	2000	9400	160700
commensurate	900	9900	285000
commercial	113500	272700	19619900
commercial-style	10	180	5600
commercial-type	15	250	10900
common	238900	664300	26533000
commonplace	3400	4800	355990
compact	13800	114600	4837000
comparable	15800	49900	2979000
compatible	14800	77700	6855000
compelling	10500	47700	1581000
competent	9700	60800	1804000
competitive	35900	281700	7608000
complementary	6100	24900	1548000
complete	150300	1166000	50488000
complex	81200	267700	12287000
complimentary	2600	28400	1886000
comprehensive	26900	170800	13889000
compulsive	5300	5600	358700
conceptual	5900	22500	1544000
concrete	23200	90800	4295600
condensed	1900	7200	837000
conducive	3400	26200	469800
conductive	1700	8300	262500
confident	24600	159300	3041000
conformist	600	1100	44700
confusing	29100	38900	1624000
congested	3300	3600	215500
conscious	24800	55600	2092000
conservative	27200	57600	2195000
considerable	29200	74000	3921911
considerate	3200	18400	372000
consistent	47800	237700	5969000
constant	62600	146500	5830000
consummate	900	3900	169970
continental	9000	62800	3836500
continual	7000	14500	749900
continuous	23700	104100	4876000
contractual	4500	10100	994200
controllable	1300	4700	219400
controversial	13900	24000	1802000
convenient	15300	67200	5550400
conventional	51100	92900	4008000
convincing	12000	36800	1043700
cooked-on	100	1100	28300
cool	149600	560300	13637
cool-looking	600	2900	53000
cooped	1100	1000	33600
cordless	3400	11500	1376200
coronal	1800	1900	91600
corporate	90500	276500	17963900
correct	429600	16161300	12777000
corrupt	202300	36100	1263300
costly	26800	34000	1937000
countless	20200	25900	1365600
courageous	3500	13000	446000
courteous	3700	32100	655000
cozy	2400	33400	825700
cranial	1900	3700	154600
cranky	5600	6800	165600
crazed	3900	4400	245800
crazy	82400	140300	5598800
creative	37900	238500	9583800
credible	6300	19400	851000
creepy	7000	14600	396600
criminal	56500	79100	5045600
crisp	5300	66500	1224500
critical	94300	295500	11972400
crooked	8100	9100	444970
crummy	2000	3400	68300
cubic	3300	11200	1032500
culinary	29400	18600	978100
cultural	54200	179700	10020000
curious	25300	58200	2487000
curly	12100	21300	566500
current	288700	849200	51474000
cursory	1200	2350	154800
curved	4400	17500	872900
customary	4400	12000	676400
cute	93600	250900	3975000
cut-rate	400	520	49650
dainty	700	3200	140500
damaging	21200	21600	1068000
damn	91200	361200	2697600
dangerous	106200	99100	5429400
dark	141900	403700	12078000
darn	10200	84000	514700
dazzling	1600	11400	469500
dead	238000	325200	11233000
deadly	21000	27300	1783990
dear	85600	213700	6095500
debilitating	3600	3200	238000
deceased	5600	12600	1082200
decent	46300	202700	2190800
decent-sized	200	1400	20500
decisive	4800	14600	741970
decorative	2300	38900	2152000
deep	147000	377400	15505500
defective	21300	20800	997700
defensive	21800	68900	1671500
defiant	2700	3200	257500
deficient	11400	17800	566800
definite	16100	66100	1579600
delicious	11900	88300	2141600
delightful	4600	41300	1271200
delusional	2100	2000	86000
deluxe	9500	205500	4695000
dense	9200	39300	1266350
dependable	3400	53500	738500
dependent	42900	84900	4997600
deplorable	2600	1800	132600
deserving	15200	15900	432000
desirable	15800	75200	2302000
desolate	2900	2300	282500
desperate	27100	50100	1580000
detailed	45200	217300	15492000
dexterous	100	700	22200
different	436400	1223400	51689000
difficult	208800	505100	14059500
digital	115500	256900	22930000
dilapidated	7000	1400	126000
diligent	2600	13500	309300
dim	13200	20200	1002850
dimensional	11400	50600	2297700
diminutive	1000	2240	145800
dingy	1400	2300	110000
dire	11700	20700	3123800
direct	149800	357500	25467500
dirty	185800	118500	5603400
disabled	42800	53800	4841173
disappointing	23300	55300	779000
disconcerting	1400	2300	117960
discouraging	5600	6600	240300
disgusting	27000	11100	416500
disheveled	800	900	68950
dismal	6100	6300	319600
disobedient	1700	8300	128200
disorderly	1700	1500	139400
disorganized	4000	3200	127300
dissatisfied	7100	13500	414600
distant	18100	49900	2177550
distinct	18600	48400	3342700
distinctive	5400	54800	1914800
disturbing	16800	22100	149300
dogged	3300	2400	113500
domed	300	2000	147600
domestic	55900	106500	7145970
double	120100	453400	19656900
down-to-earth	2100	22100	400000
drab	1500	3600	156500
drama-free	20	180	2700
dramatic	23300	58700	3016000
dreamy	1700	6300	172100
drivable	200	730	14000
drugged-out	200	220	8900
drunken	10200	13200	829200
dry	77800	265500	9485300
dual	19400	118300	5748100
dual-stage	50	260	17500
dubious	7200	8700	480800
dull	22900	35900	1104000
dumb	35700	46800	1424500
duplicate	12900	27600	1959200
durable	5200	89300	1821400
dysfunctional	7300	5800	352300
eager	14700	57900	1865900
early	242900	774100	22771150
earnest	4400	25800	858500
earthly	5200	17500	492100
east	97000	291500	23309500
easy	288100	1347600	32258700
easy-to-carry	200	2400	91700
easy-to-use	9600	111700	4223300
eccentric	4200	8700	667600
eclectic	1900	12900	1065700
economic	305300	406700	12624700
economical	4600	43400	1476600
ecstatic	1700	5600	266400
edgy	2100	5100	196800
eerie	2200	5700	313470
effective	120700	559900	18235100
efficient	30600	213900	7531800
effortless	900	7700	274000
elaborate	8000	24300	1273700
electric	43900	150600	9915200
electrical	41900	134600	7533100
electronic	47400	195200	17918250
elegant	11800	84100	3432100
elementary	14900	70600	4634300
emotional	74700	141600	4030100
emotionally-invested	50	40	2600
empty	53500	104300	7502200
endless	18300	37900	2172200
energy-saving	500	4200	226990
engaging	11900	40300	1935300
enjoyable	12200	109600	2002000
enlightened	5900	15900	518600
entire	110600	353600	17907000
enviable	600	5000	168650
envious	2400	5600	151200
equal	83200	195900	8596700
equitable	6700	14800	847600
ergonomic	2400	17200	523200
essential	59600	412300	10837300
european	71100	226000	14071000
evasive	1500	2100	106400
eventful	800	3100	119990
eventual	6300	13800	951250
everyday	38000	125200	5511500
evident	25600	59400	2486900
evil	216200	961000	5824300
exact	30600	122300	6137800
excellent	40100	17150100	13732600
exceptional	77800	186500	3459500
excessive	76400	52400	2534200
exciting	25000	171900	7128100
exclusive	40300	134000	8958900
exempt	5900	14500	1599500
exotic	21700	51700	3442500
expandable	600	4300	420300
expansive	1600	8400	429100
explicit	73200	42400	4056200
exploratory	1400	4700	356600
extendable	200	1030	73245
extensive	30200	173900	9458300
exterior	11400	79100	2688800
external	57300	156000	10200800
extra	100200	435600	16269400
extraordinary	17400	58000	2815000
extreme	144100	153300	10359800
exuberant	900	3800	157300
fabulous	11000	61900	2189800
facial	97400	105200	4582900
factual	7700	35800	784700
faint	9100	25600	940300
fair	421300	687200	11019000
fake	35700	66500	2844900
familiar	37800	152000	6056600
famous	54900	204700	9236200
fantastic	30100	189100	4110100
fantastical	300	880	56273
fascinating	12900	44000	2030800
fast-paced	2000	17800	498822
fat	204600	334900	9918000
faulty	32500	19500	610735
favorite	77600	329800	14069300
fearsome	1200	1900	128100
featureless	400	580	38300
federal	122100	223400	13522700
feel-good	17100	733200	689900
feminist	7500	14400	639200
festive	1500	10800	571200
few	547400	1842400	41176400
fictional	3800	9000	542400
fictitious	1900	3500	276900
fiery	5100	10400	579400
fifties-style	30	100	5300
fifty-something	50	150	3900
filmy	300	330	23300
final	134600	518200	25560800
financial	557400	490100	25252900
fine	161500	791200	22046900
fine-dining	300	11500	675500
finnish	4500	16100	778368
firm	63200	275400	10422900
first	1292300	3446700	124580100
first-class	7200	501000	2692600
first-person	5200	17600	829300
fitting	16800	63500	2463400
five-star	1400	12500	637300
flashy	2500	12300	239200
flat	76300	235400	8538900
flat-out	8800	5400	14800
flavored	2300	15300	528200
flawless	3200	17300	381000
flexible	17600	153100	6800800
flimsy	2900	5200	174200
flipping	3600	8200	371300
flip-top	100	720	36100
floor-mounted	20	200	20900
floppy	11900	24500	1711100
fluffy	3500	15000	385900
flush	13800	25900	1625900
fold-down	100	1400	82600
folding	4900	27600	1329000
follow-up	30700	107700	3702600
fond	8900	42400	959200
foolish	21000	25700	896900
foolproof	1300	3300	127600
forceful	2300	17200	273700
foreign	98700	197700	9759200
forgettable	1600	3300	58600
forked	1100	1900	199300
formal	27700	104600	6622500
former	87900	204600	12494900
formidable	8500	13300	797400
fortunate	16000	1360400	1357100
foul	27100	38600	985200
four-door	200	1500	50600
four-port	15	210	22900
four-speed	115	1000	36500
fourth	46500	134100	8001700
four-wheel	1100	5400	240600
fragile	13400	17800	1079800
fraudulent	5900	6200	681600
free	877800	1717700	91676500
frequent	47900	75300	3941600
fresh	75200	336700	9559700
freshly-squeezed	50	760	27200
friendly	55900	514600	14989400
frigid	1100	2600	140700
frilly	500	5000	79000
front-drive	200	470	20600
front-wheel	1600	4800	183100
fruitful	4400	23100	580700
frustrated	24200	28200	1292000
frustrating	15900	30300	989400
full	363900	1361500	66065000
full-featured	600	5930	472539
full-frontal	500	1600	58000
full-length	17200	21700	1516200
full-service	2500	35600	2534100
full-time	11400	71100	4296300
functional	24200	102300	4757500
funky	11200	35100	994000
fun-loving	900	9800	134300
funny	147800	283900	6534300
furthermost	25	40	5431
fussy	1800	4800	111800
game	380300	1164300	25593400
gaudy	1000	1800	74200
gay	374200	476400	14515100
geeky	1600	3600	125600
general	362500	1282100	64967800
generic	37100	72500	3719800
generous	16900	87600	2282400
genious	400	960	15800
gentle	20200	116100	2720300
genuine	21000	104100	3127100
g-funk	100	170	11500
ghastly	2000	2300	131600
giant	38200	89800	5025300
giddy	1400	3900	165500
gifted	6400	32200	979200
gigantic	4800	9900	833100
glad	58900	257800	4550500
global	111500	238300	18369500
gloomy	5000	7700	223200
glorious	7000	31000	1227600
golden	47800	191300	8859800
good	4136500	74073100	58087424
good-intentioned	100	3200	3200
gorgeous	34900	77500	2630800
gothic	9000	20400	1566400
grand	53900	280500	14338500
grandiose	1200	2200	192300
graphic	22000	101800	9029300
grateful	13300	81900	2104300
gratuitous	3300	4500	150200
grave	24500	31000	3284000
gray	37100	107500	5702400
greasy	5700	12600	388100
great	976000	3327100	55191400
greedy	12200	16800	622400
green	137700	560800	21020500
greenish	1100	4400	159600
grey	21900	80250	3463600
grilled	1800	25900	600300
grimy	900	1100	71000
grisly	1000	1000	76400
gritty	3300	8800	327500
gross	77100	52400	5627700
ground-up	1100	4500	314900
gruff	1100	3900	86400
guilty	55200	50200	2131600
half-bad	59300	2500	59300
half-done	300	860	19000
half-naked	900	1200	60200
hand-polished	5	420	21000
handsome	10600	53100	1178200
hand-written	600	2400	283400
handy	19300	77600	3408400
haphazard	1500	1800	91900
hap-hazard	25	40	2000
happy	179100	785000	14606400
hard	406200	1354000	26128000
hard-anodized	25	1300	64000
hard-anodizing	10	60	2300
hard-bound	35	730	18600
hard-core	25800	18150	1216000
hard-hitting	2200	4900	145000
hard-to-reach	722	2400	104000
hardy	8500	32400	1595000
harsh	26800	40100	1526000
haunting	3900	10000	464000
headache-inducing	100	90	2700
head-bobbing	100	310	12438
healthy	78400	418800	7622000
heartfelt	2200	11400	362000
heart-to-heart	400	1700	64000
heavily-weighted	200	390	24000
heavy	110000	312000	10955000
heavy-duty	2500	42000	1468000
hefty	11600	17000	363000
helpful	52900	323500	7504000
hesitant	4100	7200	338000
hideous	5100	5300	278000
high	772700	2475000	69620000
high-ceilinged	30	190	10000
high-dollar	300	810	28000
high-end	4200	29100	1375000
high-performance	3600	61300	2838000
high-profile	4200	12600	680980
high-quality	31100	285900	8218400
high-sounding	100	210	13400
high-speed	9300	54700	3530400
high-up	1100	3800	168500
hilarious	14000	29200	788750
hip-hop	14300	29400	2157800
historical	54900	185800	9842900
hit-making	100	90	4620
ho-hum	1000	2800	56000
holy	55500	185000	4694000
home-cooked	300	11300	99760
homeless	52000	26000	1157200
home-made	4500	14800	587960
honest	61800	261400	3336000
honorable	6200	34300	827800
hooked	13800	38200	1837100
hopeful	6400	28500	721400
hopped-up	400	990	63860
horrendous	4700	4400	202500
horrible	60700	60600	1634000
horrific	5400	5240	352600
horror	38500	56500	4532000
hostile	19700	18100	1114200
hot	372400	591500	27034300
hourly	12400	13600	1922750
huge	169800	401500	16371500
humanistic	1000	3900	175700
humble	24100	45600	1370900
humongous	700	1500	79000
humorous	9000	30100	957000
hungry	67900	107900	2771400
hushed	1000	1800	127000
hydraulic	4500	25000	1364500
hypnotic	2200	6800	306700
ideal	39400	242200	8923500
identical	19500	37500	3297000
idiotic	3300	3600	139000
idle	16000	33500	1695500
ignorant	33200	20600	732400
ill	95300	150100	4943600
ill-advised	1700	1100	71900
illegal	70300	61600	5558200
ill-prepared	900	570	50700
imaginative	3100	20100	646350
imagineable	50	100	4260
immaculate	1700	9800	371800
immediate	49300	138500	8473600
immense	7400	17200	1179500
imminent	4300	7900	686800
impatient	6200	9800	445200
impeccable	1300	16600	314400
impenetrable	900	1800	132900
imperfect	8700	12700	443900
important	318200	1444300	45171500
impossible	93200	136200	6451800
imprecise	1800	2100	110900
impressive	17900	124100	3203900
inaccurate	21400	36900	925960
inadequate	90900	38800	1695200
inane	2200	2500	103700
inappropriate	49100	35200	1844500
inaudible	1500	4300	87470
in-between	21100	46000	1838000
incapable	10000	11300	600000
incoming	35200	29100	2209000
incompatible	10000	9600	824000
incompetent	9600	7100	309000
inconvenient	4400	4500	529900
incorrect	75100	203700	2795000
incredible	30700	115350	4871000
independent	97500	254200	15546000
indifferent	28300	31400	378500
indigenous	18600	19800	1287000
individual	154700	515250	27957000
indoor	19700	77980	3570000
indulgent	2800	4700	161600
industrial	53900	188300	14355000
inefficient	16200	9100	699000
inept	5000	3900	141000
inescapable	1800	2090	133500
inevitable	23600	31800	1706000
inexcusable	2000	1100	69600
inexhaustible	500	35600	117000
inexpensive	10900	88700	2054000
inexplicable	1900	2440	151000
infamous	8700	13900	809000
infectious	12400	23150	1280500
inflexible	3100	2600	179000
inherent	34800	34900	1793000
in-house	5500	31500	2554000
initial	85300	222000	11312000
inner	53200	109300	5175000
innocent	75500	58950	2928000
innocuous	1700	2700	158000
innovative	16500	136800	6735000
innumerable	2100	4500	216900
inoperative	700	1000	81000
inopportune	900	440	27000
inquiring	1600	4300	310000
in-room	1300	11400	1694000
insane	22300	29300	1337000
insignificant	12600	13300	559000
instinctive	1800	4250	139500
instructional	5400	44900	2414400
instrumental	10200	44100	2238800
insulting	8400	6990	346000
intelligent	29700	104400	4029000
intense	27800	72700	3415900
intensive	16300	45400	3390000
interesting	117700	522500	13105000
interior	26500	159500	6451800
intermittent	8000	11500	575800
internal	88800	240600	12557000
international	187400	659900	56178000
intoxicated	2300	3550	255100
intriguing	4700	18200	959500
intrinsic	7500	25400	694000
introspective	1000	3500	130990
intuitive	7000	31800	1299500
in-tune	1500	10300	230750
inventive	2000	9400	300900
investigative	3900	17000	1048300
inviting	5400	28000	1328400
in-your-face	4200	6800	285500
ironic	8100	12900	571700
irregular	12200	17600	1076100
irrelevant	17500	22400	1172000
irritating	7700	11900	432600
isolating	2300	4500	252600
jaded	3000	5200	166300
jam-packed	500	4300	128500
japanese-made	100	400	9500
jaw-dropping	300	1150	44900
jazzy	1500	8800	229200
jealous	16400	27750	818800
joint	39000	130200	8751700
jubilant	500	1300	76750
jumperless	10	180	9800
junior	24800	131990	6360500
juvenile	12300	26000	1489500
keen	11300	55800	1742700
keyless	400	2500	155000
king-size	900	8400	355000
king-sized	100	1250	51300
knob-like	15	30	2000
knowledgeable	5600	62100	1571000
laborious	1200	2500	123500
ladylike	200	680	17050
laid-back	2100	18400	323700
lake-view	120	2600	124000
lame	22400	30200	758100
large	369200	1258100	44363000
last	720000	1857700	114577700
last-minute	13800	35700	2506700
late	178000	409000	17644200
late-night	4400	13100	609700
latent	4000	7700	429800
lateral	20600	21850	1215000
laugh-out-loud	1100	2900	68500
lavish	2200	6400	307700
lazy	29400	50900	1440600
lean	20800	52450	2098700
leather-wrapped	20	450	29000
legal	159200	326300	30986000
legendary	7700	25600	1702900
legible	1900	11800	394300
legitimate	22500	40250	2017000
leisurely	1000	12000	463600
lengthy	8100	23800	1664000
less-expensive	2500	15300	585800
less-formal	200	1400	96500
less-than-desireable	20	20	17700
less-than-reliable	30	50	2500
lethal	9600	11500	781000
lifeless	2900	3800	226400
lighter-colored	50	240	12000
lightning-fast	300	2700	85200
likeable	1600	6700	82000
likely	302200	397400	14498800
lint-free	35	740	29000
little	867100	2141400	35438900
lively	5200	60500	1379800
liveried	20	110	9700
living	256500	621200	23011960
local	256700	1084400	49626400
locking	22600	46400	1604200
lo-fi	1300	3060	123000
lofty	2200	7300	313700
logical	24800	71400	2829300
lone	9600	19500	1383300
lonely	31700	58050	2042500
long	737900	2131600	61555200
long-distance	9400	36900	2486900
longish	400	1700	41000
long-running	1000	3000	173800
long-standing	4000	12500	677500
long-term	111100	262700	8542200
look-alike	1400	2700	131000
loopy	700	1950	90500
loose	56600	114700	4336000
lopsided	1600	2050	94000
loud	54000	116800	3446800
lousy	19200	35200	377500
lovable	2200	8000	199000
love-hate	2300	2100	87900
lovely	34200	210150	3818300
loving	55300	192700	3843300
low	653400	1253960	35477500
low-budget	3000	6800	164700
low-end	3200	14200	367980
lower-priced	400	1600	51200
low-flying	200	390	33500
low-grade	2800	3200	154600
low-key	1000	7600	187800
lowly	7000	6500	249700
low-profile	1300	10600	422900
low-rent	600	1340	31750
low-speed	1700	6000	228200
lucious	800	840	35800
lucky	49100	214700	4636000
lumbar	3800	8600	282400
lunar	3400	10600	623400
luscious	3500	7800	372400
lush	2600	20200	919600
luxurious	2400	34900	1261900
lyrical	2300	8400	342740
mad	86300	92100	3614000
magical	11000	34400	1627000
magnetic	18600	52100	2704700
magnificent	8700	42900	2328500
main	303600	791750	71008000
major	234600	612300	33306000
male	142900	284950	13732000
manageable	2500	11300	523400
manned	1000	3600	368900
marginal	29200	39800	926000
marvelous	3500	24400	718600
massive	55000	108700	6071000
masterful	1900	5050	237800
materialistic	2100	3500	120400
maternal	11200	13700	720900
mature	271900	265000	10050600
maximum	56900	203700	14866400
meaningful	15600	60300	2463400
meaningless	9000	14200	604500
mean-spirited	2800	1700	56200
meaty	1200	8300	134900
mechanical	28000	134300	5682000
medical	165100	449200	23938800
mediocre	27200	47500	419000
medium-gray	100	460	13500
medium-high	600	1900	188700
medium-low	300	830	129970
melodic	3200	21160	399587
memorable	9500	59900	1808000
mental	92600	205500	7722000
mere	28500	56600	4569000
messy	25000	28300	1118000
metallic	16700	25300	1316000
metaphoric	200	580	37800
meticulous	1300	8670	294700
mid	52500	203800	10485000
middle-class	41700	20700	597000
middle-of-the-pack	200	660	18000
mid-eastern	200	210	35390
mid-evil	50	40	2100
mid-range	900	14300	253600
mid-size	200	3100	209400
mid-sized	300	3600	252000
midweek	600	3100	169000
mighty	22300	63100	2256000
mild	23600	70300	1996000
military	85800	239900	11092000
millenial	100	210	12510
minimal	27100	221900	32353000
minimum	59900	221500	14050000
minor	56100	278400	7496500
miraculous	2500	6600	380000
mirror-like	100	1900	23400
miscellaneous	16100	34600	6757000
miserable	67700	21000	799000
misguided	18400	9400	339800
mish	600	1500	46000
mis-match	100	140	7200
misogynistic	500	430	16400
mobile	51200	163600	11128000
modeling	19800	74400	3568000
moderate	40600	135100	2894000
moderately-priced	100	4500	59550
modern	96300	360300	14248600
modern-day	3900	9640	571000
modern-type	50	850	8300
modest	15500	52800	1589000
modular	3900	23200	1902500
moldy	2100	2000	81300
momentary	2900	4700	283000
monetary	18700	29700	1557000
monolithic	1400	3800	248000
moody	44900	22500	972000
moral	95700	190100	2736000
morbid	3500	4850	237000
most-used	400	2200	168000
motor-driven	100	760	67600
mouth-watering	400	3200	122000
movable	2600	8800	875000
much-admired	100	670	25800
much-used	300	970	40200
multi-colored	300	3000	125900
multiple	86500	276800	18164700
multi-syllable	30	120	2600
mundane	3500	8700	521800
mural-sized	3	25	1200
murderous	3200	3500	228300
musical	29200	154900	6194800
must-have	100400	302200	8031200
mute	6300	8370	510600
myriad	4700	11700	867800
mysterious	13000	28400	1673100
mythical	1800	5600	332900
naked	337800	356300	11256500
nameless	2900	4600	191500
narrow	34800	90500	3853800
nasal	22800	16900	539600
nasty	2774700	108600	3712600
national	200500	708500	51009600
native	47900	161400	7843700
natural	180100	636000	22106100
naughty	176800	80800	1607400
nauseous	1600	1500	65800
navigational	1700	7900	437200
nearby	23900	131000	6532400
near-classic	35	60	1500
near-perfect	800	5500	111300
near-silence	30	60	4600
neat	14300	106600	1854000
necessary	134500	720500	21500000
needless	12900	27850	873700
negative	7779300	1788500	7430200
net	374800	823050	135481970
neutral	61100	109100	2404700
new	1341500	4605000	175209900
new-age	4400	14300	1048900
newfound	1400	3900	195700
new-style	1700	3990	179500
next	797300	2760100	159369300
nice	258000	14926900	10905150
nice-looking	2200	158800	149200
nicely-finished	50	470	5500
noble	20400	74200	2707200
noisy	13800	33800	744400
non-agricultural	600	40	4300
non-corrosive	100	2100	53000
non-descript	200	510	33700
non-existent	14600	8100	414700
non-functional	900	1200	107000
non-functioning	500	320	23250
non-linear	2400	6900	412400
non-natural	100	220	13350
non-proprietary	100	440	56200
nonsensical	2000	2000	117650
non-skid	100	1600	69000
non-slip	100	5500	126600
non-smoking	1300	14200	1128200
non-stick	300	4350	129200
normal	175400	559740	13271000
northern	42900	144260	10609600
notable	9240	31300	1950000
notchy	80	230	3000
noteworthy	3800	11400	589800
noticeable	9100	23500	923700
notorious	13900	9500	714700
nude	382400	418360	13656000
numb	5900	7000	376900
numeric	9500	14700	1275000
numerous	47200	145700	7888500
obligatory	3700	8700	418800
obscene	6900	5500	609000
observant	1300	4600	147000
obtainable	840	4700	213800
obvious	105900	157000	6251000
occasional	26300	72900	2461000
odd	42000	92800	3461000
off-center	960	2700	86800
offended	14400	16600	1008500
offensive	40200	68000	1903000
official	76800	198500	18429000
off-point	570	6200	139000
off-road	3400	18900	830000
off-site	1400	5400	707000
off-the-line	760	2900	61000
often-used	5960	13900	867250
ok	285300	476900	11548900
okay	120900	437200	3431700
old	736000	2034200	45986000
old-fashioned	7680	154900	1073000
old-school	5350	17600	686400
olfactory	1030	2100	104000
olive	8300	50600	2250000
omnivorous	180	520	26900
one-legged	300	540	24500
one-of-a-kind	1100	19800	720500
one-on-one	3500	17300	5800
on-going	5200	21600	1256000
on-line	81200	176400	15285000
on-off	4800	16500	1726000
on-point	750	2800	114800
on-site	5800	47400	3722000
open	286500	958300	45909000
operational	16000	65100	3841000
opposite	69500	123500	4741400
optical	21800	80900	3862000
optimistic	7900	56000	896000
optimum	7400	47000	1807000
optional	35000	163800	13649000
orchestral	1100	7500	370900
ordinary	34200	84000	4058600
organic	22300	121600	3609990
oriental	17500	34400	2769000
original	257500	805300	33622800
ornate	2580	8500	644500
oscar-worthy	70	460	6400
outdated	15600	15800	901800
outdoor	37300	154900	10188000
outgoing	7100	35200	1429000
out-of-the-box	2600	12500	616990
outright	11400	11400	686900
out-right	3900	6300	236300
outspoken	2150	4200	226800
outstanding	35500	298900	6606600
outward	7000	19600	797000
oval	3800	38200	1483000
oven-proof	10	180	10400
oven-safe	2	640	19500
overall	208100	793500	12277000
over-done	220	700	11000
over-easy	90	490	13000
overhead	11300	39500	2597000
over-played	70	200	3600
over-powerful	30	50	1990
over-priced	1300	2400	38300
oversized	3200	22800	862000
over-the-top	6250	15100	650000
overweight	12900	14300	558500
overwhelming	22200	45000	1769000
owing	17400	16300	721000
painful	38900	45300	2041200
palatable	1400	4800	141600
pale	19400	38400	1772700
panoramic	1500	19500	886400
paperback	11700	278800	2785200
paper-thin	400	800	40900
parallel	21900	75000	5010110
partial	29200	69400	4424500
particular	187600	492500	24278500
passionate	9500	35000	1191900
pathetic	16750	18000	545900
patient	117200	295700	7589300
patterned	1100	5300	332200
peaceful	13200	72000	2139700
pearly	840	2600	141500
pedestrian	5700	15400	676900
peppered	920	5200	106730
perceivable	130	340	23200
perfect	186200	705800	16047000
perforated	820	4200	255800
performance-oriented	100	800	31000
permanent	43100	109400	7391900
persistent	21600	31400	1900250
personal	420500	903300	44993000
persuasive	4540	16100	492900
perverse	20300	7900	1418200
phenomenal	3300	15600	614600
philosophical	8950	26700	1175000
physical	198500	429400	14863400
picky	3550	9900	188000
pinched	3800	4200	247500
plain	119200	172700	8087000
plastic	42200	182000	7231700
plastic-like	50	290	9550
plausible	6600	12900	532700
playful	8600	25300	719600
pleasant	30150	214300	3866000
pleasing	7100	81000	948800
plentiful	3100	24600	438400
poetic	4010	12500	580200
poignant	2010	6200	308900
pointless	7950	12900	603900
pointy	3100	5300	198900
polar	10200	25800	1494700
political	167900	279200	12186400
poor	10870300	899800	10829600
popular	90050	391700	18906900
positive	1703700	12736500	11327600
possible	385500	949800	42753300
post-oscar	10	30	1900
potent	6800	17100	867500
potential	245800	542800	18002400
powerful	104500	270600	11241500
power-mad	220	170	8300
practical	43300	580	8638300
preachy	760	2200	34300
pre-arranged	130	630	70500
precious	19800	71200	3180200
precise	12300	69300	3552600
predictable	13000	28800	937900
predominate	1530	2300	128400
preemptive	1160	2400	124500
pre-existing	1980	4050	580800
preferable	5500	16700	767500
pregnant	62800	79100	4615000
pre-holiday	40	520	33500
pre-installed	210	1200	113600
pre-measured	10	260	10500
pre-owned	1400	6200	540800
pre-packaged	230	1010	86800
preschool	5050	19200	1082700
present	213850	614300	29918200
pre-teen	3800	3740	424300
pretentious	2900	5950	150400
prevalent	2900	11300	804500
previous	11200	875200	200232000
pricey	358600	18200	193700
prim	2800	2500	167600
primary	1500	236900	13664600
prime	86100	123300	5605800
private	63600	451400	19914400
problematic	12300	16700	917000
problem-free	440	2500	58900
profane	2700	6000	256500
professional	91200	725100	32122400
professional-looking	240	4400	138100
proficient	2500	21100	606500
prohibitive	1800	3000	202100
prolific	1800	8800	404600
prolonged	36300	16800	1164700
prominent	11800	31800	1861700
promising	13750	53900	1879100
promotional	8200	51900	2824200
prompt	17200	79100	3756500
prone	20800	37500	115600
proper	82300	384900	6563900
proprietary	9100	27800	2609800
prospective	26100	50500	2537300
protective	14700	71300	2889900
proud	45300	198800	6666900
pro-west	15	50	6100
punk	35400	57400	1867500
pure	58900	190700	7184600
purple	30300	73200	3308700
push-down	320	820	56800
puzzling	2500	4400	238800
quaint	1600	12050	455300
queen-sized	60	1100	74400
questionable	16240	21200	924500
quick	136700	483200	19784300
quiet	50300	278600	5921500
quintessential	1400	4000	5921500
racial	30400	32200	1687000
racy	860	3100	103000
radical	19800	34900	2433400
rain-soaked	165	300	20969
rainy	10300	31500	791200
rakish	150	570	14500
rampant	560	7400	387400
random	63900	136500	8717300
rap-rock	185	440	133000
rare	55050	228300	7740100
raw	57500	99400	5303600
readable	5400	34500	1316800
ready	135980	523100	19610000
real	579000	1371300	44489900
realistic	20000	104900	2921400
real-life	21900	83300	2146900
real-world	16500	47000	2103900
rear	41800	161400	5089600
reasonable	46600	331800	6698900
recent	183900	488800	25875800
receptive	3500	13800	403700
reclining	455	2600	183900
recognizable	2500	7300	463100
recommendable	260	1700	25200
recoverable	1400	2200	195100
rectangular	2600	11600	944300
red	224500	660400	24359000
red-blooded	255	790	32000
redeeming	3125	5300	179300
red-nosed	180	450	35400
redundant	7500	18200	1253300
refillable	110	1040	69900
refined	5950	30700	1256300
refreshing	6000	43500	1203600
regal	5250	9800	757100
regular	75050	343700	17717600
relative	111900	176600	8737900
relentless	4800	8000	468200
relevant	40200	176500	10619500
reliable	52100	314200	9419800
religious	72800	162500	6673900
reluctant	12500	20500	1085000
remarkable	13200	56300	2637600
reminiscent	4400	13900	627700
remote	48100	175200	10868600
removable	3555	21600	1394400
rental	26300	124500	10295700
repetitious	800	1500	62300
repetitive	36800	19100	748700
replete	1600	3700	168700
repulsive	3300	3200	133000
residential	33600	96400	7249800
respectable	6800	25000	557600
respectful	13100	30300	546300
respective	13100	69250	10239400
respiratory	19500	32400	1637200
responsible	103400	269600	17199100
retail	24900	125200	10649600
retentive	560	2000	75000
revealing	10700	31000	1382700
reverent	350	1900	102500
revolutionary	14200	28700	2129300
rewarding	9500	59500	1546100
rhythmic	1500	9800	453100
rich	613100	313900	9816500
ridiculous	20250	25900	996600
right	1771300	2394300	66309400
right-hand	14970	30900	2157600
ringed	450	1900	127100
rival	10800	27400	1393400
rock-rap	130	330	53800
rocky	25280	49200	2952700
romantic	22350	109500	4118400
roomy	650	10600	176500
rough	46960	117100	3801700
round	102880	510900	14092600
rowdy	2040	4900	170300
rubber-like	25	480	12600
rubbery	610	3800	77300
rude	29500	29300	1156100
rugged	4000	48500	1273000
run-down	6300	11400	460800
rural	145000	94200	4968900
russet	185	2100	56500
rusted	2300	4800	159200
rustic	1600	12700	655400
rusty	8400	22400	863300
sad	112800	133100	3352800
safe	114400	473200	15246800
saleable	315	1800	61800
salt-based	10	30	2100
same	644500	1507600	60683400
sand-covered	20	50	4300
sand-like	70	120	7980
sandy	17000	72800	2910100
sappy	1500	4300	62400
satanic	10700	4400	393400
satisfactory	26300	90900	1616500
satisfying	8500	51000	1626200
savage	22500	21700	1345700
scary	28060	56600	1529300
scenic	3300	35300	1980100
scientific	50200	162300	8392000
sci-fi	8800	21700	2003900
scrumptious	310	5900	114900
seamless	1700	15600	1123700
seasonal	8400	31400	2903000
second	628900	1050300	44971500
secret	66150	186600	8039500
secretive	1800	2700	180000
secure	65100	252100	17924200
sedate	590	2000	75600
seedy	1600	2300	97000
see-through	3600	8400	427300
selectable	3020	5700	533200
self-described	850	1300	70400
self-indulgent	1500	2100	63700
semi-regular	125	450	24900
sensational	3100	9600	450900
senseless	4025	10000	247200
sensitive	93100	132600	6331000
sentimental	4500	11200	499100
separate	3500	13300	12454700
sequential	4300	15500	881800
serial	26750	76900	6135700
serious	187600	295500	11732400
seventh	10500	33000	2532900
several	293200	1140200	37252000
severe	73800	74400	5330300
sexual	116500	172800	10052300
sexy	289400	421500	11129900
shallow	16000	45500	1519200
shameful	5890	3900	236400
shameless	3240	5950	241000
sharp	39500	180400	5636000
sheer	13800	42800	1995700
shiny	7700	44700	902000
shoddy	7200	3400	101500
short	308600	804000	30531700
shrill	1600	2050	119300
shy	22800	54800	1514500
sick	155200	130900	4327900
significant	188000	337200	13739800
silent	30300	65800	3730600
silky	3900	17200	601900
silly	39500	63800	2101400
silver	48150	224400	10475100
similar	157700	453600	24299800
simple	230000	721700	26357700
single	278000	674300	33017000
sixth	14400	51200	3220000
sizable	2200	5200	289800
sizzling	2600	4200	387300
skeleton	4040	9400	612000
skeptical	8300	17100	723300
sketchy	1800	3700	141800
skilled	14000	70200	2420800
sky-high	1100	1600	107700
slack	7250	14100	701100
slack-jawed	220	490	26000
slavish	360	780	27800
sleek	2000	21800	628400
sleepless	2600	3900	628400
slender	3550	22200	571500
slick	13200	40500	975600
slight	30400	122800	3019300
slightly-skewed	50	240	5400
slim	15300	59200	2516800
slippery	10800	17800	635800
sloppy	19300	16800	557300
slot-type	15	70	11600
slow	132300	343800	8583200
slow-cook	10	80	6000
slowly-dissolving	10	20	1800
slow-paced	285	80	20100
sluggish	6425	7200	361400
sly	4000	9600	383500
small	433200	1433100	51254700
smallish	515	3400	76500
small-town	6900	24100	915800
smart	52300	229400	8156900
smoke-colored	2	90	4900
smooth	35700	324000	5987100
smoother	2050	13300	505500
snazzy	400	2300	69400
soapy	1025	3700	143800
so-called	40400	53900	3008000
social	313500	636600	23608900
soft	61400	328900	8917800
softy	320	600	27500
solar	23800	53500	2932800
sole	19650	78200	4995900
solid	53000	424300	9220800
sombre	570	1300	148300
sophisticated	48800	62800	3236600
soporific	130	390	13300
sore	26000	34800	1227200
sorry	301000	318700	11145500
so-so	14050	38500	395700
soulful	1500	7400	216300
souped-up	300	860	38800
sour	25600	24700	864800
southern	50900	156200	10794600
spacious	1400	71200	1806400
spare	24600	75400	3549800
sparse	4550	13100	522600
special	229700	881800	58923200
specific	139900	459400	32881600
spectacular	11070	73900	2837800
speedy	5060	23960	688800
spirited	7400	20200	585100
spoiled	10500	22000	441400
sporting	8700	62300	3066200
sporty	2000	13800	590600
spray-on	490	2000	79500
springy	240	1800	36200
spunky	900	2700	95400
squeaky	1600	4200	143600
squeamish	720	1700	53000
stable	45500	179200	5093700
stagnant	4450	6500	239400
stainless	6600	80600	3131300
stale	6200	8400	623900
stand-alone	3040	14600	1218500
standard	504100	703700	34143100
stand-offish	80	200	4902
stand-out	6190	26500	778000
static	36400	70500	5232200
steady	20400	95200	2792900
steel-based	3	70	3000
steep	13800	33300	1118600
stellar	5300	17500	681900
sticky	13050	28170	1280400
stiff	15800	47300	142000
stock-type	40	200	10900
stormy	5000	10500	411700
story-driven	70	290	9500
straightforward	8100	34800	1398100
strange	79400	125500	5602200
strategic	21300	105000	6317600
streamlined	940	7700	484000
strenous	25	200	4500
striking	13300	39800	1962600
strong	260900	937200	18996700
structural	27000	65700	3672000
stubborn	9600	15600	479500
stuffy	4900	4240	140900
stunning	10500	64000	2814400
stupid	144000	114700	3275500
sturdy	3550	43300	913000
stylish	3900	51100	978500
stylistic	1110	4700	218900
subsequent	72500	64900	5171500
substantial	40500	98300	4811200
subtle	17400	50800	1935800
successful	85200	394700	14974000
such	1216000	2868300	76852400
sudden	35800	49400	2579100
sufficient	43300	166400	6307600
suitable	25700	165000	6893100
sultry	2900	4700	225100
sumptuous	575	4400	241200
sunny	13600	93100	2547700
super	99000	328500	14729300
superficial	8980	16600	612200
superior	237000	9374700	6002100
super-luxury	5	100	4200
supernatural	5000	12600	553800
supplementary	3400	11600	1005400
supportive	11900	94900	1701100
sure	613000	2290600	34087800
surprising	25000	50200	2002400
surreal	2870	11300	398400
suspenseful	990	4100	68800
swedish	15100	48300	2344500
sweet	139400	381500	8497500
swell	6200	21800	520800
swiss	10300	38000	2505400
switch-controlled	12	40	3053
swivel	1000	11200	528200
symmetric	4400	21000	511700
sympathetic	12000	23800	715700
symphonic	540	4500	211400
synchronized	1800	5800	556700
synonymous	4200	12900	508500
synthetic	7900	46500	1614900
tabloid	3900	4100	231300
tacked-on	720	1400	57000
tacky	3400	6600	141100
tactile	1100	8500	236800
talented	14060	112500	2311000
tall	48425	186000	5017500
tan	15060	75800	5074300
taped	5400	14500	708250
tapered	1000	9100	363160
tasteful	1800	12600	344970
tasty	15600	58400	901250
technical	113900	505500	23471900
tedious	5600	13000	510900
teen	438610	474400	15523700
teenage	83950	49400	2650300
teeny	5800	7500	777600
tempting	10300	15000	532000
tender	22370	67700	2455400
terminal	51405	92100	4602069
terrestrial	2900	7600	703170
terrific	23300	68100	1394000
test-driven	50	330	10400
thermal	18800	91900	2688600
thick	37700	166500	5185300
thin	44000	158300	5198870
third	180000	435800	25515000
thirsty	4640	11300	430300
thong-wearing	12	20	4700
thorough	11500	82400	2388700
thoughtful	6900	46100	1005900
thrilling	2800	9700	458500
throw-back	255	820	26000
tight	104600	324300	6618300
tight-fitting	620	2800	103000
tiny	60600	131400	5386000
token	9800	30700	1229000
toll-free	6700	32700	10995000
top	380300	1470100	59888000
top-end	1400	9000	196740
topiary	130	740	56500
top-notch	3200	28400	514700
top-quality	3010	42400	1402600
top-rack	10	200	11000
top-rate	150	1000	36000
top-to-bottom	1300	5900	334600
tortured	10800	8300	676000
touchy	2300	4700	128400
tough	62100	195200	4596000
traditional	69070	290000	12717220
traditional-looking	5	110	4400
trance-like	120	370	49000
tranquil	1000	10400	465400
translatable	115	330	19100
translucent	1200	8500	381200
tremendous	17800	73900	3121600
trendy	2800	17700	588500
trite	2000	3500	103100
triumphant	1800	5100	293800
trivial	9600	18900	1113300
tropical	12500	92200	3727200
troublesome	5020	7800	369000
trusty	1900	6500	200900
turbulent	2600	6400	446200
turquoise	1600	10500	614200
twin	20600	125800	5366300
twisty	830	3900	70600
two-door	130	1300	46400
two-floor	20	290	13400
two-line	280	4900	142700
two-stage	600	2900	172200
two-tier	710	1400	101100
two-tone	530	4300	225200
typical	58600	165200	7744000
ubiquitous	2800	8100	534000
ugly	190300	199200	2261700
ultimate	50200	138500	8700000
unable	88600	141700	7091000
unabridged	760	2500	185500
unattended	2100	3800	397000
unattractive	5200	4440	214700
unavailable	28025	12700	1779600
unbalanced	7200	6300	302000
unbelievable	15000	32500	1170500
unbidden	310	480	31000
unborn	4200	4400	277200
uncaring	2240	1400	69250
unchanged	7700	13300	1217300
uncharacteristic	985	1200	54800
uncluttered	310	3900	77000
uncoated	340	1800	66500
uncomfortable	26100	31400	1309000
undamaged	510	4300	110000
undeniable	2400	5100	217100
undercover	4890	6700	419900
underground	22300	64200	5205000
underpaid	1800	1700	83200
undying	800	2100	207000
uneasy	5100	6500	356700
unedited	950	1700	157000
unethical	8250	4800	243000
uneven	11640	16200	530000
unexpected	30100	48100	2103900
unexplained	3750	3900	315000
unfair	33900	24600	1383000
unfamiliar	10800	16500	866200
unfavorable	7200	5300	241000
unfinished	4300	11300	714500
unforgettable	2900	14100	689500
unfortunate	1174000	34500	1174100
unhappy	29200	23000	923000
unhealthy	16600	14100	421700
unheard	3080	5800	310260
unidentifiable	410	480	39400
unimaginative	1300	1300	41700
unimportant	4300	6700	268600
unimpressed	1010	1800	72340
unimpressive	870	1400	39000
uninspired	2100	2500	63500
un-installed	15	30	3800
unintended	11900	7900	347400
uninteresting	2900	3200	109000
uninvited	2500	1500	78400
unique	87700	413800	22730000
universal	38300	109000	6724000
unknown	62900	199600	9793900
unlikely	32600	50900	2835000
unlistenable	430	390	8700
unmeasurable	100	270	12500
unmotivated	1400	930	34300
unmoving	350	490	40000
unnecessary	29000	45800	2220000
unparalleled	1200	24600	698600
unpleasant	20300	18800	690700
unplugged	2600	5600	326800
unpolished	400	1200	32900
unprepared	4400	3800	256800
unready	260	180	16500
unreasonable	9000	11100	668200
unreleased	2500	6400	239000
unrelenting	1600	2300	136900
unreliable	55500	9300	599500
unremarkable	1500	2800	78500
unsightly	2300	3200	157000
un-special	90	190	36800
unspectacular	280	1500	21600
unsuccessful	14400	10900	814800
unsure	9150	25500	171400
unsuspecting	9600	4970	387780
untimely	3600	4400	216000
unusable	5000	3900	227200
unusual	38800	102300	4776700
unwanted	43000	27800	1621500
unwarranted	3500	2700	190600
unwelcome	2830	2800	197600
unwilling	8800	11200	755970
unworthy	6500	5000	199600
unwrapped	420	1600	110250
upbeat	3970	36400	389000
upcoming	16500	72700	6889800
upgradable	270	860	70600
uphill	3650	11700	322000
upper	55300	197800	9272000
upper-floor	150	1100	69400
upside-down	8600	12700	673000
up-side-down	190	260	10000
urban	121900	96300	6092200
urgent	11200	20000	1626000
useable	1450	8700	252000
useful	99150	625600	18456000
useless	28400	72800	1634000
user-friendly	3600	37400	1547000
usual	70700	248500	6731000
vague	13400	21900	802000
valuable	32300	165000	7322000
value-packed	10	280	16000
variable	67900	167200	7562000
various	168600	606500	30904000
vast	32400	87300	4330000
vengeful	1650	1700	92000
venomous	1050	1600	102000
verbal	19400	104700	1991000
versatile	3400	45000	1552000
vertical	26100	80500	4382000
vestigial	275	430	31900
vicious	22100	14300	817000
vietnamese-american	105	140	11000
violent	43000	44000	2653000
virtual	102500	298000	16196000
visible	28200	96500	5630000
visual	47100	189000	9961000
vital	31500	152400	5155900
vocal	15500	64300	2233000
vulgar	6400	12000	438510
warm	57400	418600	8407000
wary	6050	12900	697000
watchable	1500	3950	52400
watered-down	1500	2800	111400
weak	145700	141600	3958000
wealthy	57900	28480	1092000
weary	7400	20000	654000
weekday	1200	6300	678000
weekly	31100	171000	12426000
weird	66400	89400	3334000
welcome	119200	615300	42985000
well-defined	2800	14700	594800
well-done	8200	133800	910000
well-dressed	1100	5400	126000
well-equipped	1100	23700	479000
well-intentioned	3200	4900	108000
well-made	1900	21600	188000
well-produced	420	3950	35900
well-tuned	170	1100	63400
well-written	5930	44800	559900
western	72700	243400	15662000
wet	216700	253900	9566000
whimsical	1200	5200	378000
whiney	830	920	27000
white	348100	850800	32468000
white-faced	120	460	30400
whole	290800	762300	24486000
whopping	2300	4400	279000
wicked	48400	67200	1753000
wide	108500	598800	28827086
wide-eyed	1200	2500	154226
wild	120900	220000	12108534
willing	68300	247400	7345000
winded	1555	3740	162000
wireless	27960	106300	8255948
wise	45200	161000	4167000
wishy-washy	560	1100	29800
wistful	825	2400	85000
witty	4700	22300	474000
wobbly	1600	3600	179000
wonderful	70400	518900	9594000
wondrous	1400	5400	353000
wooden	12980	68800	3254000
woodland	2900	19000	1107000
workaholic	655	1300	37000
worthless	16200	21600	575000
worthy	25000	86200	2147600
wrap-around	930	5800	265000
wrecked	4250	6000	241000
wrong	12667400	786800	12774000
x-rated	6600	4000	465000
yellow	53800	187300	10214000
young	490000	104300	27364000
youthful	3440	16600	553000
